date,vaccinated_min,vaccinated_max,vaccinated,fully_vaccinated_min,fully_vaccinated_max,fully_vaccinated,single_dose_vaccinated_min,single_dose_vaccinated_max,single_dose_vaccinated
2021-01-03,0,0,0,0,0,0,0,0,0
2021-01-04,4822,4822,4822,0,0,0,4822,4822,4822
2021-01-05,9645,9645,9645,0,0,0,9645,9645,9645
2021-01-06,14467,14467,14467,0,0,0,14467,14467,14467
2021-01-07,19290,19290,19290,0,0,0,19290,19290,19290
2021-01-08,24112,24112,24112,0,0,0,24112,24112,24112
2021-01-09,28935,28935,28935,0,0,0,28935,28935,28935
2021-01-10,33757,33757,33757,0,0,0,33757,33757,33757
2021-01-11,39929,39929,39929,0,0,0,39929,39929,39929
2021-01-12,46100,46100,46100,0,0,0,46100,46100,46100
2021-01-13,52272,52272,52272,0,0,0,52272,52272,52272
2021-01-14,58444,58444,58444,0,0,0,58444,58444,58444
2021-01-15,64616,64616,64616,0,0,0,64616,64616,64616
2021-01-16,70787,70787,70787,0,0,0,70787,70787,70787
2021-01-17,76959,76959,76959,0,0,0,76959,76959,76959
2021-01-18,89722,89722,89722,0,0,0,89722,89722,89722
2021-01-19,102486,102486,102486,0,0,0,102486,102486,102486
2021-01-20,115249,115249,115249,0,0,0,115249,115249,115249
2021-01-21,128012,128012,128012,0,0,0,128012,128012,128012
2021-01-22,140775,140775,140775,0,0,0,140775,140775,140775
2021-01-23,148717,153539,151128,0,0,0,143895,153539,148717
2021-01-24,156657,166302,161480,0,0,0,147012,166302,156657
2021-01-25,178260,192727,185494,0,0,0,163793,192727,178260
2021-01-26,199863,219153,209508,0,19290,9645,180573,219153,199863
2021-01-27,221466,245578,233522,0,24112,12056,197354,245578,221466
2021-01-28,243068,272003,257536,0,28935,14468,214133,272003,243068
2021-01-29,264671,293606,279138,4822,33757,19290,230914,288784,259849
2021-01-30,284925,315209,300067,9645,39929,24787,244996,305564,275280
2021-01-31,305179,336812,320996,14467,46100,30284,259079,322345,290712
2021-02-01,330424,363406,346915,19290,52272,35781,278152,344116,311134
2021-02-02,355669,390001,372835,24112,58444,41278,297225,365889,331557
2021-02-03,380914,416595,398754,28935,64616,46776,316298,387660,351979
2021-02-04,406159,443189,424674,33757,70787,52272,335372,409432,372402
2021-02-05,431404,468434,449919,39929,76959,58444,354445,428505,391475
2021-02-06,450425,493680,472052,46100,89355,67728,361070,447580,404325
2021-02-07,469445,518925,494185,52272,101752,77012,367693,466653,417173
2021-02-08,500408,543716,522062,58444,101752,80098,398656,485272,441964
2021-02-09,531371,568507,549939,64616,101752,83184,429619,503891,466755
2021-02-10,549938,593299,571618,70787,114148,92468,435790,522512,479151
2021-02-11,568504,618089,593296,76959,126544,101752,441960,541130,491545
2021-02-12,587071,636656,611864,89355,138940,114148,448131,547301,497716
2021-02-13,610092,655222,632657,101752,146882,124317,463210,553470,508340
2021-02-14,633115,686185,659650,101752,154822,128287,478293,584433,531363
2021-02-15,647728,721867,684798,101752,175891,138822,471837,620115,545976
2021-02-16,662341,757549,709945,101752,196960,149356,465381,655797,560589
2021-02-17,676954,793231,735092,101752,218029,159890,458925,691479,575202
2021-02-18,691569,828914,760242,101752,239097,170424,452472,727162,589817
2021-02-19,706182,864596,785389,101752,260166,180959,446016,762844,604430
2021-02-20,721610,887882,804746,114148,280420,197284,441190,773734,607462
2021-02-21,737038,911168,824103,126544,300674,213609,436364,784624,610494
2021-02-22,760975,948000,854488,138940,325965,232452,435010,809060,622035
2021-02-23,784912,984464,884688,151704,351256,251480,433656,832760,633208
2021-02-24,808849,1020929,914889,164467,376547,270507,432302,856462,644382
2021-02-25,832787,1044267,938527,190358,401838,296098,430949,853909,642429
2021-02-26,881114,1067603,974358,216250,402739,309494,478375,851353,664864
2021-02-27,929487,1090940,1010214,242141,403594,322868,525893,848799,687346
2021-02-28,977860,1114277,1046068,268032,404449,336240,573411,846245,709828
2021-03-01,1019015,1135218,1077116,289101,405304,347202,613711,846117,729914
2021-03-02,1060171,1155626,1107898,310704,406159,358432,654012,844922,749467
2021-03-03,1101326,1176033,1138680,332307,407014,369660,694312,843726,769019
2021-03-04,1142481,1191403,1166942,358947,407869,383408,734612,832456,783534
2021-03-05,1159246,1206772,1183009,385588,433114,409351,726132,821184,773658
2021-03-06,1182184,1222143,1202164,412228,452187,432208,729997,809915,769956
2021-03-07,1205122,1237513,1221318,438868,471259,455064,733863,798645,766254
2021-03-08,1221307,1277339,1249323,439769,495801,467785,725506,837570,781538
2021-03-09,1237492,1317210,1277351,440624,520342,480483,717150,876586,796868
2021-03-10,1264617,1357082,1310850,441479,533944,487712,730673,915603,823138
2021-03-11,1304803,1396953,1350878,442334,534484,488409,770319,954619,862469
2021-03-12,1344990,1436825,1390908,443189,535024,489106,809966,993636,901801
2021-03-13,1383799,1476696,1430248,444044,536941,490492,846858,1032652,939755
2021-03-14,1422609,1516568,1469588,444899,538858,491878,883751,1071669,977710
2021-03-15,1433739,1546346,1490042,445754,558361,502058,875378,1100592,987985
2021-03-16,1444870,1576072,1510471,446661,577863,512262,867007,1129411,998209
2021-03-17,1456000,1581408,1518704,471958,597366,534662,858634,1109450,984042
2021-03-18,1462842,1586742,1524792,497256,621156,559206,841686,1089486,965586
2021-03-19,1469683,1592078,1530880,522553,644948,583750,824735,1069525,947130
2021-03-20,1498451,1597994,1548222,547270,646813,597042,851638,1050724,951181
2021-03-21,1527219,1603910,1565564,571987,648678,610332,878541,1031923,955232
2021-03-22,1567925,1622546,1595236,595922,650543,623232,917382,1026624,972003
2021-03-23,1605735,1639805,1622770,621235,655305,638270,950430,1018570,984500
2021-03-24,1643544,1660943,1652244,642668,660067,651368,983477,1018275,1000876
2021-03-25,1681307,1683645,1682476,662537,664875,663706,1016432,1021108,1018770
2021-03-26,1700904,1719068,1709986,669685,687849,678767,1013055,1049383,1031219
2021-03-27,1734238,1756958,1745598,674367,697087,685727,1037151,1082591,1059871
2021-03-28,1774525,1793498,1784012,680398,699371,689884,1075154,1113100,1094127
2021-03-29,1836659,1851885,1844272,686429,701655,694042,1135004,1165456,1150230
2021-03-30,1874712,1908557,1891634,694175,728020,711098,1146692,1214382,1180537
2021-03-31,1913132,1965229,1939180,701921,754018,727970,1159114,1263308,1211211
2021-04-01,1951552,2021953,1986752,709615,780016,744816,1171536,1312338,1241937
2021-04-02,1989971,2078676,2034324,717310,806015,761662,1183956,1361366,1272661
2021-04-03,2028391,2110948,2069670,749456,832013,790734,1196378,1361492,1278935
2021-04-04,2079207,2143220,2111214,781602,845615,813608,1233592,1361618,1297605
2021-04-05,2157466,2202935,2180200,813748,859217,836482,1298249,1389187,1343718
2021-04-06,2229099,2264024,2246562,844520,879445,861982,1349654,1419504,1384579
2021-04-07,2301267,2325112,2313190,875293,899138,887216,1402129,1449819,1425974
2021-04-08,2373434,2387578,2380506,904688,918832,911760,1454602,1482890,1468746
2021-04-09,2450044,2458728,2454386,925399,934083,929741,1515961,1533329,1524645
2021-04-10,2536738,2544024,2540381,931964,939250,935607,1597488,1612060,1604774
2021-04-11,2617207,2629319,2623263,938530,950642,944586,1666565,1690789,1678677
2021-04-12,2720981,2737919,2729450,945096,962034,953565,1758947,1792823,1775885
2021-04-13,2834666,2843376,2839021,954805,963515,959160,1871151,1888571,1879861
2021-04-14,2948351,2948786,2948568,964561,964996,964778,1983355,1984225,1983790
2021-04-15,3051578,3054197,3052888,974316,976935,975626,2074643,2079881,2077262
2021-04-16,3142111,3164645,3153378,979034,1001568,990301,2140543,2185611,2163077
2021-04-17,3229691,3275094,3252392,983751,1029154,1006452,2200537,2291343,2245940
2021-04-18,3317272,3385541,3351406,988470,1056739,1022604,2260533,2397071,2328802
2021-04-19,3382973,3474110,3428542,994456,1085593,1040024,2297380,2479654,2388517
2021-04-20,3462098,3541753,3501926,1021368,1101023,1061196,2361075,2520385,2440730
2021-04-21,3541222,3609449,3575336,1048227,1116454,1082340,2424768,2561222,2492995
2021-04-22,3620221,3677070,3648646,1075161,1132010,1103586,2488211,2601909,2545060
2021-04-23,3704042,3744692,3724367,1102094,1142744,1122419,2561298,2642598,2601948
2021-04-24,3787767,3812313,3800040,1129028,1153574,1141301,2634193,2683285,2658739
2021-04-25,3849083,3879935,3864509,1155961,1186813,1171387,2662270,2723974,2693122
2021-04-26,3915196,3952353,3933774,1187284,1224441,1205862,2690755,2765069,2727912
2021-04-27,3976271,4018371,3997321,1225005,1267105,1246055,2709166,2793366,2751266
2021-04-28,4040244,4084392,4062318,1262725,1306873,1284799,2733371,2821667,2777519
2021-04-29,4104278,4165764,4135021,1285092,1346578,1315835,2757700,2880672,2819186
2021-04-30,4168314,4247140,4207727,1307457,1386283,1346870,2782031,2939683,2860857
2021-05-01,4233378,4328512,4280945,1329824,1424958,1377391,2808420,2998688,2903554
2021-05-02,4298808,4409306,4354057,1352771,1463269,1408020,2835539,3056535,2946037
2021-05-03,4388049,4512561,4450305,1376770,1501282,1439026,2886767,3135791,3011279
2021-05-04,4451341,4619678,4535510,1396907,1565244,1481076,2886097,3222771,3054434
2021-05-05,4516348,4727277,4621812,1416562,1627491,1522026,2888857,3310715,3099786
2021-05-06,4581516,4824317,4702916,1446775,1689576,1568176,2891940,3377542,3134741
2021-05-07,4646685,4919794,4783240,1478552,1751661,1615106,2895024,3441242,3168133
2021-05-08,4712253,5020714,4866484,1504886,1813347,1659116,2898906,3515828,3207367
2021-05-09,4802744,5105559,4954152,1547295,1850110,1698702,2952634,3558264,3255449
2021-05-10,4916717,5206933,5061825,1594078,1884294,1739186,3032423,3612855,3322639
2021-05-11,5028337,5291076,5159706,1658093,1920832,1789462,3107505,3632983,3370244
2021-05-12,5138215,5398691,5268453,1698635,1959111,1828873,3179104,3700056,3439580
2021-05-13,5251047,5511124,5381086,1734360,1994437,1864398,3256610,3776764,3516687
2021-05-14,5363877,5623556,5493716,1770085,2029764,1899924,3334113,3853471,3593792
2021-05-15,5476301,5735990,5606146,1805809,2065498,1935654,3410803,3930181,3670492
2021-05-16,5564288,5848422,5706355,1841534,2125668,1983601,3438620,4006888,3722754
2021-05-17,5661978,5951936,5806957,1888059,2178017,2033038,3483961,4063877,3773919
2021-05-18,5738382,6048625,5893504,1941409,2251652,2096530,3486730,4107216,3796973
2021-05-19,5804341,6152128,5978234,1987945,2335732,2161838,3468609,4164183,3816396
2021-05-20,5870397,6252046,6061222,2038066,2419715,2228890,3450682,4213980,3832331
2021-05-21,5940806,6351965,6146386,2088186,2499345,2293766,3441461,4263779,3852620
2021-05-22,6024582,6438757,6231670,2151433,2565608,2358520,3458974,4287324,3873149
2021-05-23,6108411,6525547,6316979,2214682,2631818,2423250,3476593,4310865,3893729
2021-05-24,6193602,6609126,6401364,2289431,2704955,2497193,3488647,4319695,3904171
2021-05-25,6273030,6674516,6473773,2382369,2783855,2583112,3489175,4292147,3890661
2021-05-26,6339006,6743149,6541078,2472064,2876207,2674136,3462799,4271085,3866942
2021-05-27,6405087,6826122,6615604,2547420,2968455,2757938,3436632,4278702,3857667
2021-05-28,6476944,6909093,6693018,2622777,3054926,2838852,3422018,4286316,3854167
2021-05-29,6551689,6987027,6769358,2703171,3138509,2920840,3413180,4283856,3848518
2021-05-30,6626434,7064960,6845697,2783566,3222092,3002829,3404342,4281394,3842868
2021-05-31,6748398,7167706,6958052,2871267,3290575,3080921,3457823,4296439,3877131
2021-06-01,6850725,7265422,7058074,2963998,3378695,3171346,3472030,4301424,3886727
2021-06-02,6948312,7386166,7167239,3033701,3471555,3252628,3476757,4352465,3914611
2021-06-03,7043001,7493180,7268090,3117133,3567312,3342222,3475689,4376047,3925868
2021-06-04,7137691,7599508,7368600,3201252,3663069,3432160,3474622,4398256,3936439
2021-06-05,7232380,7705835,7469108,3285372,3758827,3522100,3473553,4420463,3947008
2021-06-06,7325937,7812852,7569394,3368802,3855717,3612260,3470220,4444050,3957135
2021-06-07,7485291,7987701,7736496,3437875,3940285,3689080,3545006,4549826,4047416
2021-06-08,7622479,8159052,7890766,3510445,4047018,3778732,3575461,4648607,4112034
2021-06-09,7777589,8334539,8056064,3578880,4135830,3857355,3641759,4755659,4198709
2021-06-10,7930983,8506534,8218758,3650806,4226357,3938582,3704626,4855728,4280177
2021-06-11,8084217,8654141,8369179,3747121,4317045,4032083,3767172,4907020,4337096
2021-06-12,8237449,8801744,8519596,3843439,4407734,4125586,3829715,4958305,4394010
2021-06-13,8390283,8948662,8669472,3940443,4498822,4219632,3891461,5008219,4449840
2021-06-14,8488900,9061407,8775154,4032749,4605256,4319002,3883644,5028658,4456151
2021-06-15,8567767,9160804,8864286,4138403,4731440,4434922,3836327,5022401,4429364
2021-06-16,8654338,9256339,8955338,4247919,4849920,4548920,3804418,5008420,4406419
2021-06-17,8742651,9344160,9043406,4365149,4966658,4665904,3775993,4979011,4377502
2021-06-18,8828010,9436228,9132119,4478132,5086350,4782241,3741660,4958096,4349878
2021-06-19,8913371,9529859,9221615,4589552,5206040,4897796,3707331,4940307,4323819
2021-06-20,8999138,9618047,9308592,4706415,5325324,5015870,3673814,4911632,4292723
2021-06-21,9113288,9726256,9419772,4814185,5427153,5120669,3686135,4912071,4299103
2021-06-22,9210031,9821668,9515850,4934752,5546389,5240570,3663642,4886916,4275279
2021-06-23,9324430,9934311,9629370,5038088,5647969,5343028,3676461,4896223,4286342
2021-06-24,9449274,10023482,9736378,5164896,5739104,5452000,3710170,4858586,4284378
2021-06-25,9574021,10113186,9843604,5291171,5830336,5560754,3743685,4822015,4282850
2021-06-26,9687828,10202891,9945360,5417445,5932508,5674976,3755320,4785446,4270383
2021-06-27,9788268,10292594,10040431,5543721,6048047,5795884,3740221,4748873,4244547
2021-06-28,9892390,10386034,10139212,5676832,6170476,5923654,3721914,4709202,4215558
2021-06-29,10006651,10480688,10243670,5808729,6282766,6045748,3723885,4671959,4197922
2021-06-30,10126675,10582167,10354421,5933801,6389293,6161547,3737382,4648366,4192874
2021-07-01,10260151,10676832,10468492,6065687,6482368,6274028,3777783,4611145,4194464
2021-07-02,10393522,10771452,10582487,6197618,6575548,6386583,3817974,4573834,4195904
2021-07-03,10526895,10866071,10696483,6329550,6668726,6499138,3858169,4536521,4197345
2021-07-04,10665090,10973817,10819454,6448355,6757082,6602718,3908008,4525462,4216735
2021-07-05,10777540,11055819,10916680,6535030,6813309,6674170,3964231,4520789,4242510
2021-07-06,10852729,11147958,11000344,6611568,6906797,6759182,3945932,4536390,4241161
2021-07-07,10931416,11258286,11094851,6669917,6996787,6833352,3934629,4588369,4261499
2021-07-08,11014843,11365371,11190107,6731509,7082037,6906773,3932806,4633862,4283334
2021-07-09,11101168,11472506,11286837,6793051,7164389,6978720,3936779,4679455,4308117
2021-07-10,11187492,11579643,11383568,6854591,7246742,7050666,3940750,4725052,4332901
2021-07-11,11273817,11691817,11482817,6911094,7329094,7120094,3944723,4780723,4362723
2021-07-12,11343665,11785068,11564366,6960372,7401775,7181074,3941890,4824696,4383293
2021-07-13,11345447,11863465,11604456,7024504,7542522,7283513,3802925,4838961,4320943
2021-07-14,11358608,11947074,11652841,7083424,7671890,7377657,3686718,4863650,4275184
2021-07-15,11360390,12009919,11685154,7163108,7812637,7487872,3547753,4846811,4197282
2021-07-16,11362172,12072766,11717469,7242790,7953384,7598087,3408788,4829976,4119382
2021-07-17,11363954,12135611,11749782,7322474,8094131,7708302,3269823,4813137,4041480
2021-07-18,11365736,12198457,11782096,7402157,8234878,7818518,3130858,4796300,3963579
2021-07-19,11366863,12231223,11799043,7475567,8339927,7907747,3026936,4755656,3891296
2021-07-20,11367990,12232350,11800170,7580617,8444977,8012797,2923013,4651733,3787373
2021-07-21,11369117,12233477,11801297,7685666,8550026,8117846,2819091,4547811,3683451
2021-07-22,11370453,12234604,11802528,7790716,8654867,8222792,2715586,4443888,3579737
2021-07-23,11388832,12235731,11812282,7895765,8742664,8319214,2646168,4339966,3493067
2021-07-24,11407214,12236858,11822036,8000815,8830459,8415637,2576755,4236043,3406399
2021-07-25,11425593,12237985,11831789,8105864,8918256,8512060,2507337,4132121,3319729
2021-07-26,11446727,12238901,11842814,8207680,8999854,8603767,2446873,4031221,3239047
2021-07-27,11447643,12239817,11843730,8309495,9101669,8705582,2345974,3930322,3138148
2021-07-28,11461160,12240733,11850946,8411311,9190884,8801098,2270276,3829422,3049849
2021-07-29,11462076,12241649,11851862,8513126,9292699,8902912,2169377,3728523,2948950
2021-07-30,11462992,12242565,11852778,8614942,9394515,9004728,2068477,3627623,2848050
2021-07-31,11463908,12243481,11853694,8716757,9496330,9106544,1967578,3526724,2747151
2021-08-01,11464824,12244397,11854610,8818573,9598146,9208360,1866678,3425824,2646251
2021-08-02,11465525,12245098,11855312,8925730,9705303,9315516,1760222,3319368,2539795
2021-08-03,11471110,12245799,11858454,9032885,9807574,9420230,1663536,3212914,2438225
2021-08-04,11480205,12260836,11870520,9125706,9906337,9516022,1573868,3135130,2354499
2021-08-05,11483599,12269774,11876686,9224626,10010801,9617714,1472798,3045148,2258973
2021-08-06,11484300,12302310,11893305,9299948,10117958,9708953,1366342,3002362,2184352
2021-08-07,11486605,12334846,11910726,9375268,10223509,9799388,1263096,2959578,2111337
2021-08-08,11489618,12367382,11928500,9450590,10328354,9889472,1161264,2916792,2039028
2021-08-09,11496471,12371934,11934202,9529750,10405213,9967482,1091258,2842184,1966721
2021-08-10,11496991,12380682,11938836,9604715,10488406,10046560,1008585,2775967,1892276
2021-08-11,11497511,12387240,11942376,9681869,10571598,10126734,925913,2705371,1815642
2021-08-12,11498212,12387760,11942986,9765062,10654610,10209836,843602,2622698,1733150
2021-08-13,11500645,12392663,11946654,9843871,10735889,10289880,764756,2548792,1656774
2021-08-14,11503078,12398750,11950914,9921497,10817169,10369333,685909,2477253,1581581
2021-08-15,11505511,12404837,11955174,9999122,10898448,10448785,607063,2405715,1506389
2021-08-16,11505809,12405135,11955472,10022593,10921919,10472256,583890,2382542,1483216
2021-08-17,11506107,12405433,11955770,10046064,10945390,10495727,560717,2359369,1460043
2021-08-18,11506405,12405731,11956068,10069535,10968861,10519198,537544,2336196,1436870
2021-08-19,11506914,12406029,11956472,10093004,10992119,10542562,514795,2313025,1413910
2021-08-20,11508966,12406327,11957646,10116475,11013836,10565156,495130,2289852,1392491
2021-08-21,11511018,12406625,11958822,10139946,11035553,10587750,475465,2266679,1371072
2021-08-22,11513070,12406923,11959996,10163417,11057270,10610344,455800,2243506,1349653
2021-08-23,11514124,12407163,11960644,10182863,11075902,10629382,438222,2224300,1331261
2021-08-24,11515178,12407403,11961290,10202308,11094533,10648420,420645,2205095,1312870
2021-08-25,11516232,12407643,11961938,10221754,11113165,10667460,403067,2185889,1294478
2021-08-26,11517286,12407883,11962584,10241199,11131796,10686498,385490,2166684,1276087
2021-08-27,11518340,12408123,11963232,10260645,11150428,10705536,367912,2147478,1257695
2021-08-28,11519394,12408363,11963878,10280090,11169059,10724574,350335,2128273,1239304
2021-08-29,11520448,12408603,11964526,10299536,11187691,10743614,332757,2109067,1220912
2021-08-30,11521151,12408852,11965002,10316062,11203763,10759912,317388,2092790,1205089
2021-08-31,11527541,12409101,11968321,10332587,11214147,10773367,313394,2076514,1194954
2021-09-01,11544067,12409350,11976708,10349113,11214396,10781754,329671,2060237,1194954
2021-09-02,11560592,12409599,11985096,10365638,11214645,10790142,345947,2043961,1194954
2021-09-03,11577118,12409848,11993483,10382164,11214894,10798529,362224,2027684,1194954
2021-09-04,11593643,12410097,12001870,10398689,11215143,10806916,378500,2011408,1194954
2021-09-05,11609715,12410346,12010030,10415215,11215846,10815530,393869,1995131,1194500
2021-09-06,11621578,12410640,12016109,10427304,11216366,10821835,405212,1983336,1194274
2021-09-07,11633440,12410934,12022187,10439392,11216886,10828139,416554,1971542,1194048
2021-09-08,11645303,12411228,12028266,10451481,11217406,10834444,427897,1959747,1193822
2021-09-09,11657165,12411522,12034344,10463569,11217926,10840748,439239,1947953,1193596
2021-09-10,11669028,12411816,12040422,10475658,11218446,10847052,450582,1936158,1193370
2021-09-11,11680890,12412110,12046500,10487746,11218966,10853356,461924,1924364,1193144
2021-09-12,11692753,12412404,12052578,10499835,11219486,10859660,473267,1912569,1192918
2021-09-13,11707010,12413046,12060028,10514307,11220343,10867325,486667,1898739,1192703
2021-09-14,11721268,12413688,12067478,10528780,11221200,10874990,500068,1884908,1192488
2021-09-15,11735525,12414330,12074928,10543252,11222057,10882654,513468,1871078,1192273
2021-09-16,11749782,12414972,12082377,10557724,11222914,10890319,526868,1857248,1192058
2021-09-17,11764039,12415614,12089826,10572196,11223771,10897984,540268,1843418,1191843
2021-09-18,11778297,12416256,12097276,10586669,11224628,10905648,553669,1829587,1191628
2021-09-19,11792554,12416898,12104726,10601141,11225485,10913313,567069,1815757,1191413
2021-09-20,11806685,12418288,12112486,10615500,11227103,10921302,579582,1802788,1191185
2021-09-21,11820815,12419678,12120246,10629858,11228721,10929290,592094,1789820,1190957
2021-09-22,11829259,12421068,12125164,10644217,11236026,10940122,593233,1776851,1185042
2021-09-23,11830649,12422458,12126554,10658576,11250385,10954480,580264,1763882,1172073
2021-09-24,11832039,12423848,12127944,10672935,11264744,10968840,567295,1750913,1159104
2021-09-25,11833429,12425238,12129334,10687293,11279102,10983198,554327,1737945,1146136
2021-09-26,11834819,12426628,12130724,10701652,11293461,10997556,541358,1724976,1133167
2021-09-27,11836199,12428008,12132104,10714417,11306226,11010322,529973,1713591,1121782
2021-09-28,11837579,12429388,12133484,10727182,11318991,11023086,518588,1702206,1110397
2021-09-29,11838959,12430768,12134864,10739947,11331756,11035852,507203,1690821,1099012
2021-09-30,11840339,12432148,12136244,10752712,11344521,11048616,495818,1679436,1087627
2021-10-01,11841719,12433528,12137624,10765477,11357286,11061382,484433,1668051,1076242
2021-10-02,11843099,12434908,12139004,10778242,11370051,11074146,473048,1656666,1064857
2021-10-03,11844479,12436288,12140384,10791007,11382816,11086912,461663,1645281,1053472
2021-10-04,11844919,12436728,12140824,10801115,11392924,11097020,451995,1635613,1043804
2021-10-05,11845374,12437183,12141278,10811578,11403387,11107482,441987,1625605,1033796
2021-10-06,11845829,12437638,12141734,10822040,11413849,11117944,431980,1615598,1023789
2021-10-07,11846284,12438093,12142188,10832503,11424312,11128408,421972,1605590,1013781
2021-10-08,11846739,12438662,12142700,10842850,11434773,11138812,411966,1595812,1003889
2021-10-09,11847194,12439231,12143212,10853199,11445236,11149218,401958,1586032,993995
2021-10-10,11847649,12439800,12143724,10863547,11455698,11159622,391951,1576253,984102
2021-10-11,11848068,12440337,12144202,10872921,11465190,11169056,382878,1567416,975147
2021-10-12,11848578,12440991,12144784,10884326,11476739,11180532,371839,1556665,964252
2021-10-13,11849088,12441645,12145366,10895730,11488287,11192008,360801,1545915,953358
2021-10-14,11849598,12442299,12145948,10907134,11499835,11203484,349763,1535165,942464
2021-10-15,11850108,12442953,12146530,10918539,11511384,11214962,338724,1524414,931569
2021-10-16,11850618,12443607,12147112,10929944,11522933,11226438,327685,1513663,920674
2021-10-17,11851128,12444261,12147694,10941348,11534481,11237914,316647,1502913,909780
2021-10-18,11851560,12444821,12148190,10952183,11545444,11248814,306116,1492638,899377
2021-10-19,11858135,12445424,12151780,10963855,11551144,11257500,306991,1481569,894280
2021-10-20,11869805,12446027,12157916,10975525,11551747,11263636,318058,1470502,894280
2021-10-21,11881476,12446630,12164053,10987196,11552350,11269773,329126,1459434,894280
2021-10-22,11893146,12447233,12170190,10998866,11552953,11275910,340193,1448367,894280
2021-10-23,11904818,12447836,12176327,11010538,11553556,11282047,351262,1437298,894280
2021-10-24,11916488,12448439,12182464,11022208,11554159,11288184,362329,1426231,894280
2021-10-25,11929507,12449223,12189365,11035227,11554943,11295085,374564,1413996,894280
2021-10-26,11942072,12449979,12196026,11047792,11555699,11301746,386373,1402187,894280
2021-10-27,11954640,12456312,12205476,11054783,11556455,11305619,398185,1401529,899857
2021-10-28,11967206,12469009,12218108,11055408,11557211,11306310,409995,1413601,911798
2021-10-29,11979774,12481708,12230741,11056033,11557967,11307000,421807,1425675,923741
2021-10-30,11992339,12494404,12243372,11056658,11558723,11307690,433616,1437746,935681
2021-10-31,12004907,12507103,12256005,11057283,11559479,11308381,445428,1449820,947624
2021-11-01,12020089,12522465,12271277,11057283,11559659,11308471,460430,1465182,962806
2021-11-02,12034611,12536987,12285799,11057283,11559659,11308471,474952,1479704,977328
2021-11-03,12049130,12551506,12300318,11057283,11559659,11308471,489471,1494223,991847
2021-11-04,12063651,12566027,12314839,11057283,11559659,11308471,503992,1508744,1006368
2021-11-05,12078170,12580546,12329358,11057283,11559659,11308471,518511,1523263,1020887
2021-11-06,12092692,12595068,12343880,11057283,11559659,11308471,533033,1537785,1035409
2021-11-07,12107211,12609587,12358399,11057283,11559659,11308471,547552,1552304,1049928
2021-11-08,12121391,12623767,12372579,11057283,11559659,11308471,561732,1566484,1064108
2021-11-09,12135547,12637923,12386735,11057283,11559659,11308471,575888,1580640,1078264
2021-11-10,12143594,12652080,12397837,11057283,11565769,11311526,577825,1594797,1086311
2021-11-11,12146545,12666236,12406390,11057283,11576974,11317128,569571,1608953,1089262
2021-11-12,12149496,12680393,12414944,11057283,11588180,11322732,561316,1623110,1092213
2021-11-13,12152447,12694549,12423498,11057283,11599385,11328334,553062,1637266,1095164
2021-11-14,12155397,12708706,12432052,11057283,11610592,11333938,544805,1651423,1098114
2021-11-15,12156526,12721040,12438783,11057283,11621797,11339540,534729,1663757,1099243
2021-11-16,12157594,12734479,12446036,11057283,11634168,11345726,523426,1677196,1100311
2021-11-17,12159090,12747915,12453502,11057283,11646108,11351696,512982,1690632,1101807
2021-11-18,12160585,12761353,12460969,11057283,11658051,11357667,502534,1704070,1103302
2021-11-19,12162080,12774789,12468434,11057283,11669992,11363638,492088,1717506,1104797
2021-11-20,12163576,12788114,12475845,11057397,11681935,11369666,481641,1730717,1106179
2021-11-21,12165072,12801436,12483254,11057511,11693875,11375693,471197,1743925,1107561
2021-11-22,12166012,12814205,12490108,11057625,11705818,11381722,460194,1756580,1108387
2021-11-23,12194336,12857593,12525964,11057743,11721000,11389372,473336,1799850,1136593
2021-11-24,12223493,12900958,12562226,11057887,11735352,11396620,488141,1843071,1165606
2021-11-25,12252652,12944322,12598487,11058031,11749701,11403866,502951,1886291,1194621
2021-11-26,12281809,12987686,12634748,11058175,11764052,11411114,517757,1929511,1223634
2021-11-27,12310966,13031048,12671007,11058319,11778401,11418360,532565,1972729,1252647
2021-11-28,12340123,13074413,12707268,11058463,11792753,11425608,547370,2015950,1281660
2021-11-29,12368391,13116886,12742638,11058607,11807102,11432854,561289,2058279,1309784
2021-11-30,12406845,13169226,12788036,11058735,11821116,11439926,585729,2110491,1348110
2021-12-01,12445152,13221555,12833354,11058873,11835276,11447074,609876,2162682,1386279
2021-12-02,12489570,13273886,12881728,11059011,11843327,11451169,646243,2214875,1430559
2021-12-03,12539081,13326214,12932648,11059149,11846282,11452716,692799,2267065,1479932
2021-12-04,12588594,13378544,12983569,11059287,11849237,11454262,739357,2319257,1529307
2021-12-05,12638106,13430873,13034490,11059425,11852192,11455808,785914,2371448,1578681
2021-12-06,12686733,13482316,13084524,11059563,11855146,11457354,831587,2422753,1627170
2021-12-07,12766115,13562712,13164414,11059699,11856296,11457998,909819,2503013,1706416
2021-12-08,12845572,13643114,13244343,11059830,11857372,11458601,988200,2583284,1785742
2021-12-09,12924600,13717938,13321269,11065538,11858876,11462207,1065724,2652400,1859062
2021-12-10,13003629,13786398,13395014,11077610,11860379,11468994,1143250,2708788,1926019
2021-12-11,13082658,13854856,13468757,11089684,11861882,11475783,1220776,2765172,1992974
2021-12-12,13161687,13923318,13542502,11101755,11863386,11482570,1298301,2821563,2059932
2021-12-13,13239305,13990366,13614836,11113829,11864890,11489360,1374415,2876537,2125476
2021-12-14,13359080,14095713,13727396,11129191,11865824,11497508,1493256,2966522,2229889
2021-12-15,13451820,14201902,13826861,11143713,11893795,11518754,1558025,3058189,2308107
2021-12-16,13543726,14308093,13925910,11158232,11922599,11540416,1621127,3149861,2385494
2021-12-17,13635630,14414282,14024956,11172753,11951405,11562079,1684225,3241529,2462877
2021-12-18,13727535,14520472,14124004,11187272,11980209,11583740,1747326,3333200,2540263
2021-12-19,13819442,14626661,14223052,11201794,12009013,11605404,1810429,3424867,2617648
