date,vaccinated_min,vaccinated_max,vaccinated,fully_vaccinated_min,fully_vaccinated_max,fully_vaccinated,single_dose_vaccinated_min,single_dose_vaccinated_max,single_dose_vaccinated
2021-01-03,0,0,0,0,0,0,0,0,0
2021-01-04,4823,4823,4823,0,0,0,4823,4823,4823
2021-01-05,9645,9645,9645,0,0,0,9645,9645,9645
2021-01-06,14468,14468,14468,0,0,0,14468,14468,14468
2021-01-07,19290,19290,19290,0,0,0,19290,19290,19290
2021-01-08,24113,24113,24113,0,0,0,24113,24113,24113
2021-01-09,28935,28935,28935,0,0,0,28935,28935,28935
2021-01-10,33758,33758,33758,0,0,0,33758,33758,33758
2021-01-11,39930,39930,39930,0,0,0,39930,39930,39930
2021-01-12,46102,46102,46102,0,0,0,46102,46102,46102
2021-01-13,52274,52274,52274,0,0,0,52274,52274,52274
2021-01-14,58445,58445,58445,0,0,0,58445,58445,58445
2021-01-15,64617,64617,64617,0,0,0,64617,64617,64617
2021-01-16,70789,70789,70789,0,0,0,70789,70789,70789
2021-01-17,76961,76961,76961,0,0,0,76961,76961,76961
2021-01-18,89725,89725,89725,0,0,0,89725,89725,89725
2021-01-19,102488,102488,102488,0,0,0,102488,102488,102488
2021-01-20,115252,115252,115252,0,0,0,115252,115252,115252
2021-01-21,128016,128016,128016,0,0,0,128016,128016,128016
2021-01-22,140780,140780,140780,0,0,0,140780,140780,140780
2021-01-23,148720,153543,151132,0,0,0,143897,153543,148720
2021-01-24,156662,166307,161484,0,0,0,147017,166307,156662
2021-01-25,178264,192732,185498,0,0,0,163796,192732,178264
2021-01-26,199868,219158,209513,0,19290,9645,180578,219158,199868
2021-01-27,221470,245583,233526,0,24113,12056,197357,245583,221470
2021-01-28,243073,272008,257540,0,28935,14468,214138,272008,243073
2021-01-29,264675,293610,279142,4823,33758,19290,230917,288787,259852
2021-01-30,284929,315214,300072,9645,39930,24788,244999,305569,275284
2021-01-31,305182,336816,320999,14468,46102,30285,259080,322348,290714
2021-02-01,330427,363411,346919,19290,52274,35782,278153,344121,311137
2021-02-02,355672,390004,372838,24113,58445,41279,297227,365891,331559
2021-02-03,380917,416599,398758,28935,64617,46776,316300,387664,351982
2021-02-04,406161,443192,424676,33758,70789,52274,335372,409434,372403
2021-02-05,431406,468437,449922,39930,76961,58446,354445,428507,391476
2021-02-06,450425,493681,472053,46102,89358,67730,361067,447579,404323
2021-02-07,469446,518926,494186,52274,101754,77014,367692,466652,417172
2021-02-08,500409,543718,522064,58445,101754,80100,398655,485273,441964
2021-02-09,531373,568510,549942,64617,101754,83186,429619,503893,466756
2021-02-10,549939,593301,571620,70789,114151,92470,435788,522512,479150
2021-02-11,568506,618093,593300,76961,126548,101754,441958,541132,491545
2021-02-12,587072,636659,611866,89358,138945,114152,448127,547301,497714
2021-02-13,610096,655227,632662,101754,146885,124320,463211,553473,508342
2021-02-14,633117,686190,659654,101754,154827,128290,478290,584436,531363
2021-02-15,647734,721875,684804,101754,175895,138824,471839,620121,545980
2021-02-16,662349,757560,709954,101754,196965,149360,465384,655806,560595
2021-02-17,676966,793245,735106,101754,218033,159894,458933,691491,575212
2021-02-18,691582,828930,760256,101754,239102,170428,452480,727176,589828
2021-02-19,706199,864615,785407,101754,260170,180962,446029,762861,604445
2021-02-20,721630,887903,804766,114151,280424,197288,441206,773752,607479
2021-02-21,737062,911191,824126,126548,300677,213612,436385,784643,610514
2021-02-22,761001,948024,854512,138945,325968,232456,435033,809079,622056
2021-02-23,784939,984490,884714,151708,351259,251484,433680,832782,633231
2021-02-24,808878,1020956,914917,164472,376550,270511,432328,856484,644406
2021-02-25,832818,1044295,938556,190363,401840,296102,430978,853932,642455
2021-02-26,881147,1067633,974390,216255,402741,309498,478406,851378,664892
2021-02-27,929521,1090971,1010246,242146,403596,322871,525925,848825,687375
2021-02-28,977896,1114310,1046103,268037,404451,336244,573445,846273,709859
2021-03-01,1019051,1135252,1077152,289105,405306,347206,613745,846147,729946
2021-03-02,1060206,1155658,1107932,310709,406161,358435,654045,844949,749497
2021-03-03,1101361,1176066,1138714,332311,407016,369664,694345,843755,769050
2021-03-04,1142517,1191436,1166976,358952,407871,383412,734646,832484,783565
2021-03-05,1159282,1206807,1183044,385591,433116,409354,726166,821216,773691
2021-03-06,1182221,1222176,1202198,412232,452187,432210,730034,809944,769989
2021-03-07,1205158,1237547,1221352,438871,471260,455066,733898,798676,766287
2021-03-08,1221344,1277374,1249359,439772,495802,467787,725542,837602,781572
2021-03-09,1237529,1317246,1277388,440627,520344,480486,717185,876619,796902
2021-03-10,1264655,1357119,1310887,441482,533946,487714,730709,915637,823173
2021-03-11,1304843,1396992,1350918,442337,534486,488412,770357,954655,862506
2021-03-12,1345031,1436865,1390948,443192,535026,489109,810005,993673,901839
2021-03-13,1383841,1476737,1430289,444047,536943,490495,846898,1032690,939794
2021-03-14,1422652,1516610,1469631,444902,538860,491881,883792,1071708,977750
2021-03-15,1433782,1546387,1490084,445757,558362,502060,875420,1100630,988025
2021-03-16,1444912,1576113,1510512,446664,577865,512264,867047,1129449,998248
2021-03-17,1456042,1581448,1518745,471961,597367,534664,858675,1109487,984081
2021-03-18,1462882,1586785,1524834,497257,621160,559208,841722,1089528,965625
2021-03-19,1469724,1592120,1530922,522554,644950,583752,824774,1069566,947170
2021-03-20,1498492,1598035,1548264,547272,646815,597044,851677,1050763,951220
2021-03-21,1527259,1603949,1565604,571990,648680,610335,878579,1031959,955269
2021-03-22,1567966,1622585,1595276,595926,650545,623236,917421,1026659,972040
2021-03-23,1605772,1639844,1622808,621238,655310,638274,950462,1018606,984534
2021-03-24,1643581,1660983,1652282,642671,660073,651372,983508,1018312,1000910
2021-03-25,1681342,1683684,1682513,662542,664884,663713,1016458,1021142,1018800
2021-03-26,1700943,1719104,1710024,669694,687855,678774,1013088,1049410,1031249
2021-03-27,1734277,1756990,1745634,674379,697092,685736,1037185,1082611,1059898
2021-03-28,1774565,1793529,1784047,680412,699376,689894,1075189,1113117,1094153
2021-03-29,1836702,1851916,1844309,686446,701660,694053,1135042,1165470,1150256
2021-03-30,1874756,1908590,1891673,694193,728027,711110,1146729,1214397,1180563
2021-03-31,1913177,1965264,1939220,701940,754027,727984,1159150,1263324,1211237
2021-04-01,1951598,2021990,1986794,709635,780027,744831,1171571,1312355,1241963
2021-04-02,1990019,2078715,2034367,717331,806027,761679,1183992,1361384,1272688
2021-04-03,2028440,2110989,2069714,749478,832027,790752,1196413,1361511,1278962
2021-04-04,2079258,2143263,2111260,781625,845630,813628,1233628,1361638,1297633
2021-04-05,2157518,2202979,2180248,813772,859233,836502,1298285,1389207,1343746
2021-04-06,2229154,2264071,2246612,844544,879461,862002,1349693,1419527,1384610
2021-04-07,2301322,2325162,2313242,875316,899156,887236,1402166,1449846,1426006
2021-04-08,2373492,2387631,2380562,904711,918850,911780,1454642,1482920,1468781
2021-04-09,2450098,2458788,2454443,925417,934107,929762,1515991,1533371,1524681
2021-04-10,2536795,2544086,2540440,931983,939274,935628,1597521,1612103,1604812
2021-04-11,2617265,2629382,2623324,938550,950667,944608,1666598,1690832,1678715
2021-04-12,2721042,2737983,2729512,945117,962058,953588,1758984,1792866,1775925
2021-04-13,2834728,2843440,2839084,954827,963539,959183,1871189,1888613,1879901
2021-04-14,2948415,2948854,2948634,964581,965020,964800,1983395,1984273,1983834
2021-04-15,3051643,3054265,3052954,974337,976959,975648,2074684,2079928,2077306
2021-04-16,3142177,3164715,3153446,979055,1001593,990324,2140584,2185660,2163122
2021-04-17,3229758,3275163,3252460,983774,1029179,1006476,2200579,2291389,2245984
2021-04-18,3317340,3385614,3351477,988491,1056765,1022628,2260575,2397123,2328849
2021-04-19,3383049,3474190,3428620,994479,1085620,1040050,2297429,2479711,2388570
2021-04-20,3462182,3541841,3502012,1021392,1101051,1061222,2361131,2520449,2440790
2021-04-21,3541315,3609544,3575430,1048253,1116482,1082368,2424833,2561291,2493062
2021-04-22,3620323,3677174,3648748,1075188,1132039,1103614,2488284,2601986,2545135
2021-04-23,3704154,3744803,3724478,1102123,1142772,1122448,2561382,2642680,2602031
2021-04-24,3787886,3812432,3800159,1129058,1153604,1141331,2634282,2683374,2658828
2021-04-25,3849210,3880061,3864636,1155993,1186844,1171418,2662366,2724068,2693217
2021-04-26,3915339,3952494,3933916,1187317,1224472,1205894,2690867,2765177,2728022
2021-04-27,3976429,4018529,3997479,1225039,1267139,1246089,2709290,2793490,2751390
2021-04-28,4040420,4084566,4062493,1262759,1306905,1284832,2733515,2821807,2777661
2021-04-29,4104470,4165955,4135212,1285127,1346612,1315870,2757858,2880828,2819343
2021-04-30,4168522,4247342,4207932,1307497,1386317,1346907,2782205,2939845,2861025
2021-05-01,4233601,4328731,4281166,1329865,1424995,1377430,2808606,2998866,2903736
2021-05-02,4299049,4409540,4354294,1352813,1463304,1408058,2835745,3056727,2946236
2021-05-03,4388297,4512803,4450550,1376812,1501318,1439065,2886979,3135991,3011485
2021-05-04,4451596,4619926,4535761,1396951,1565281,1481116,2886315,3222975,3054645
2021-05-05,4516609,4727531,4622070,1416608,1627530,1522069,2889079,3310923,3100001
2021-05-06,4581783,4824577,4703180,1446824,1689618,1568221,2892165,3377753,3134959
2021-05-07,4646957,4920062,4783510,1478601,1751706,1615154,2895251,3441461,3168356
2021-05-08,4712530,5020988,4866759,1504937,1813395,1659166,2899135,3516051,3207593
2021-05-09,4803027,5105839,4954433,1547348,1850160,1698754,2952867,3558491,3255679
2021-05-10,4916998,5207211,5062104,1594133,1884346,1739240,3032652,3613078,3322865
2021-05-11,5028617,5291351,5159984,1658150,1920884,1789517,3107733,3633201,3370467
2021-05-12,5138493,5398965,5268729,1698693,1959165,1828929,3179328,3700272,3439800
2021-05-13,5251321,5511396,5381358,1734418,1994493,1864456,3256828,3776978,3516903
2021-05-14,5364149,5623828,5493988,1770143,2029822,1899982,3334327,3853685,3594006
2021-05-15,5476572,5736260,5606416,1805868,2065556,1935712,3411016,3930392,3670704
2021-05-16,5564557,5848692,5706624,1841593,2125728,1983660,3438829,4007099,3722964
2021-05-17,5662246,5952204,5807225,1888119,2178077,2033098,3484169,4064085,3774127
2021-05-18,5738646,6048892,5893769,1941469,2251715,2096592,3486931,4107423,3797177
2021-05-19,5804603,6152392,5978498,1988007,2335796,2161902,3468807,4164385,3816596
2021-05-20,5870655,6252308,6061482,2038128,2419781,2228954,3450874,4214180,3832527
2021-05-21,5941062,6352224,6146643,2088250,2499412,2293831,3441650,4263974,3852812
2021-05-22,6024836,6439013,6231924,2151499,2565676,2358588,3459160,4287514,3873337
2021-05-23,6108662,6525800,6317231,2214750,2631888,2423319,3476774,4311050,3893912
2021-05-24,6193862,6609389,6401626,2289501,2705028,2497264,3488834,4319888,3904361
2021-05-25,6273294,6674791,6474042,2382440,2783937,2583188,3489357,4292351,3890854
2021-05-26,6339273,6743434,6541354,2472137,2876298,2674218,3462975,4271297,3867136
2021-05-27,6405357,6826415,6615886,2547497,2968555,2758026,3436802,4278918,3857860
2021-05-28,6477208,6909397,6693302,2622855,3055044,2838950,3422164,4286542,3854353
2021-05-29,6551956,6987342,6769649,2703251,3138637,2920944,3413319,4284091,3848705
2021-05-30,6626705,7065287,6845996,2783646,3222228,3002937,3404477,4281641,3843059
2021-05-31,6748689,7168057,6958373,2871353,3290721,3081037,3457968,4296704,3877336
2021-06-01,6851028,7265794,7058411,2964093,3378859,3171476,3472169,4301701,3886935
2021-06-02,6948628,7386559,7167594,3033805,3471736,3252770,3476892,4352754,3914823
2021-06-03,7043327,7493594,7268460,3117247,3567514,3342380,3475813,4376347,3926080
2021-06-04,7138029,7599941,7368985,3201377,3663289,3432333,3474740,4398564,3936652
2021-06-05,7232729,7706289,7469509,3285506,3759066,3522286,3473663,4420783,3947223
2021-06-06,7326298,7813327,7569812,3368945,3855974,3612460,3470324,4444382,3957353
2021-06-07,7485681,7988200,7736940,3438023,3940542,3689282,3545139,4550177,4047658
2021-06-08,7622893,8159570,7891232,3510604,4047281,3778942,3575612,4648966,4112289
2021-06-09,7778022,8335073,8056548,3579052,4136103,3857578,3641919,4756021,4198970
2021-06-10,7931437,8507084,8219260,3650990,4226637,3938814,3704800,4856094,4280447
2021-06-11,8084691,8654706,8369698,3747319,4317334,4032326,3767357,4907387,4337372
2021-06-12,8237945,8802330,8520138,3843646,4408031,4125838,3829914,4958684,4394299
2021-06-13,8390800,8949262,8670031,3940665,4499127,4219896,3891673,5008597,4450135
2021-06-14,8489430,9062012,8775721,4032985,4605567,4319276,3883863,5029027,4456445
2021-06-15,8568316,9161421,8864868,4138647,4731752,4435200,3836564,5022774,4429669
2021-06-16,8654905,9256969,8955937,4248169,4850233,4549201,3804672,5008800,4406736
2021-06-17,8743237,9344802,9044020,4365406,4966971,4666188,3776266,4979396,4377831
2021-06-18,8828617,9436882,9132750,4478396,5086661,4782528,3741956,4958486,4350221
2021-06-19,8913998,9530525,9222262,4589824,5206351,4898088,3707647,4940701,4324174
2021-06-20,8999783,9618725,9309254,4706694,5325636,5016165,3674147,4912031,4293089
2021-06-21,9114234,9727228,9420731,4814526,5427520,5121023,3686714,4912702,4299708
2021-06-22,9211278,9822941,9517110,4935149,5546812,5240980,3664466,4887792,4276129
2021-06-23,9325979,9935886,9630932,5038539,5648446,5343492,3677533,4897347,4287440
2021-06-24,9451125,10025357,9738241,5165404,5739636,5452520,3711489,4859953,4285721
2021-06-25,9576174,10115362,9845768,5291734,5830922,5561328,3745252,4823628,4284440
2021-06-26,9690283,10205367,9947825,5418065,5933149,5675607,3757134,4787302,4272218
2021-06-27,9791024,10295371,10043198,5544396,6048743,5796570,3742281,4750975,4246628
2021-06-28,9897209,10390871,10144040,5677964,6171626,5924795,3725583,4712907,4219245
2021-06-29,10013522,10487587,10250554,5810316,6284381,6047348,3729141,4677271,4203206
2021-06-30,10135603,10591127,10363365,5935844,6391368,6163606,3744235,4655283,4199759
2021-07-01,10271136,10687854,10479495,6068184,6484902,6276543,3786234,4619670,4202952
2021-07-02,10406565,10784535,10595550,6200571,6578541,6389556,3828024,4583964,4205994
2021-07-03,10541996,10881217,10711606,6332957,6672178,6502568,3869818,4548260,4209039
2021-07-04,10682249,10991025,10836637,6452217,6760993,6606605,3921256,4538808,4230032
2021-07-05,10813046,11091380,10952213,6539925,6818259,6679092,3994787,4551455,4273121
2021-07-06,10906571,11201861,11054216,6617507,6912797,6765152,3993774,4584354,4289064
2021-07-07,11003600,11330530,11167065,6676901,7003831,6840366,3999769,4653629,4326699
2021-07-08,11105369,11455958,11280664,6739537,7090126,6914832,4015243,4716421,4365832
2021-07-09,11210038,11581438,11395738,6802120,7173520,6987820,4036518,4779318,4407918
2021-07-10,11314704,11706917,11510810,6864704,7256917,7060810,4057787,4842213,4450000
2021-07-11,11419372,11837433,11628402,6922251,7340312,7131282,4079060,4915182,4497121
2021-07-12,11504486,11947264,11725875,6971750,7414528,7193139,4089958,4975514,4532736
2021-07-13,11520459,12042232,11781346,7036111,7557884,7296998,3962575,5006121,4484348
2021-07-14,11548366,12142234,11845300,7095439,7689307,7392373,3859059,5046795,4452927
2021-07-15,11558012,12219547,11888780,7177455,7838990,7508222,3719022,5042092,4380557
2021-07-16,11569373,12296861,11933117,7259471,7986959,7623215,3582414,5037390,4309902
2021-07-17,11580732,12374175,11977454,7341486,8134929,7738208,3445803,5032689,4239246
2021-07-18,11592092,12451512,12021802,7423479,8282899,7853189,3309193,5028033,4168613
2021-07-19,11593396,12498772,12046084,7498997,8404373,7951685,3189023,4999775,4094399
2021-07-20,11599580,12500076,12049828,7620471,8520967,8070719,3078613,4879605,3979109
2021-07-21,11641412,12501380,12071396,7741945,8601913,8171929,3039499,4759435,3899467
2021-07-22,11676024,12502684,12089354,7863420,8690080,8276750,2985944,4639264,3812604
2021-07-23,11710219,12503988,12107104,7984894,8778663,8381778,2931556,4519094,3725325
2021-07-24,11749179,12505292,12127236,8106368,8862481,8484424,2886698,4398924,3642811
2021-07-25,11788138,12506596,12147367,8227842,8946300,8587071,2841838,4278754,3560296
2021-07-26,11822396,12507638,12165017,8343663,9028905,8686284,2793491,4163975,3478733
2021-07-27,11834282,12508680,12171481,8459484,9133882,8796683,2700400,4049196,3374798
2021-07-28,11864839,12509722,12187280,8575305,9220188,8897746,2644651,3934417,3289534
2021-07-29,11877785,12523071,12200428,8678819,9324105,9001462,2553680,3844252,3198966
2021-07-30,11881238,12561578,12221408,8757175,9437515,9097345,2443723,3804403,3124063
2021-07-31,11884788,12596205,12240496,8839411,9550828,9195120,2333960,3756794,3045377
2021-08-01,11896422,12629269,12262846,8923210,9656057,9289634,2240365,3706059,2973212
2021-08-02,11925827,12672243,12299035,8999330,9745746,9372538,2180081,3672913,2926497
2021-08-03,11956805,12701161,12328983,9089505,9833861,9461683,2122944,3611656,2867300
2021-08-04,11977318,12738777,12358048,9170983,9932442,9551712,2044876,3567794,2806335
2021-08-05,11992232,12758133,12375182,9270721,10036622,9653672,1955610,3487412,2721511
2021-08-06,11995514,12801089,12398302,9346859,10152434,9749646,1843080,3454230,2648655
2021-08-07,11998899,12844044,12421472,9422997,10268142,9845570,1730757,3421047,2575902
2021-08-08,12002284,12887000,12444642,9499135,10383851,9941493,1618433,3387865,2503149
2021-08-09,12011201,12909472,12460336,9580804,10479075,10029940,1532126,3328668,2430397
2021-08-10,12011848,12934731,12473290,9659687,10582570,10121128,1429278,3275044,2352161
2021-08-11,12012495,12957798,12485146,9740761,10686064,10213412,1326431,3217037,2271734
2021-08-12,12013142,12973643,12493392,9829057,10789558,10309308,1223584,3144586,2184085
2021-08-13,12013789,12996238,12505014,9910603,10893052,10401828,1120737,3085635,2103186
2021-08-14,12014436,13018835,12516636,9992148,10996547,10494348,1017889,3026687,2022288
2021-08-15,12015083,13041430,12528256,10073694,11100041,10586868,915042,2967736,1941389
2021-08-16,12015621,13041968,12528794,10116026,11142373,10629200,873248,2925942,1899595
2021-08-17,12016159,13042506,12529332,10158358,11184705,10671532,831454,2884148,1857801
2021-08-18,12016697,13043044,12529870,10200690,11227037,10713864,789660,2842354,1816007
2021-08-19,12019152,13043582,12531367,10243023,11267453,10755238,751699,2800559,1776129
2021-08-20,12022853,13044120,12533486,10285355,11306622,10795988,716231,2758765,1737498
2021-08-21,12025227,13044658,12534942,10327687,11347118,10837402,678109,2716971,1697540
2021-08-22,12025765,13045196,12535480,10370019,11389450,10879734,636315,2675177,1655746
2021-08-23,12026237,13045668,12535952,10408285,11427716,10918000,598521,2637383,1617952
2021-08-24,12026709,13046140,12536424,10446551,11465982,10956266,560727,2599589,1580158
2021-08-25,12027181,13046612,12536896,10484817,11504248,10994532,522933,2561795,1542364
2021-08-26,12027653,13047084,12537368,10523083,11542514,11032798,485139,2524001,1504570
2021-08-27,12028125,13047556,12537840,10561349,11580780,11071064,447345,2486207,1466776
2021-08-28,12028597,13048028,12538312,10599615,11619046,11109330,409551,2448413,1428982
2021-08-29,12029069,13048500,12538784,10637881,11657312,11147596,371757,2410619,1391188
2021-08-30,12029523,13048954,12539238,10667913,11687344,11177628,342179,2381041,1361610
2021-08-31,12032075,13049408,12540742,10697945,11715278,11206612,316797,2351463,1334130
2021-09-01,12061282,13049862,12555572,10727977,11716557,11222267,344725,2321885,1333305
2021-09-02,12090489,13050316,12570402,10758009,11717836,11237922,372653,2292307,1332480
2021-09-03,12119696,13050770,12585233,10788041,11719115,11253578,400581,2262729,1331655
2021-09-04,12148903,13051224,12600064,10818073,11720394,11269234,428509,2233151,1330830
2021-09-05,12178110,13051678,12614894,10848105,11721673,11284889,456437,2203573,1330005
2021-09-06,12196281,13052129,12624205,10866623,11722471,11294547,473810,2185506,1329658
2021-09-07,12214452,13052580,12633516,10885141,11723269,11304205,491183,2167439,1329311
2021-09-08,12232623,13053031,12642827,10903659,11724067,11313863,508556,2149372,1328964
2021-09-09,12250793,13053482,12652138,10922176,11724865,11323520,525928,2131306,1328617
2021-09-10,12268964,13053933,12661448,10940694,11725663,11333178,543301,2113239,1328270
2021-09-11,12287135,13054384,12670760,10959212,11726461,11342836,560674,2095172,1327923
2021-09-12,12305306,13054835,12680070,10977730,11727259,11352494,578047,2077105,1327576
2021-09-13,12326239,13055778,12691008,10998978,11728517,11363748,597722,2056800,1327261
2021-09-14,12347173,13056721,12701947,11020227,11729775,11375001,617398,2036494,1326946
2021-09-15,12368106,13057664,12712885,11041475,11731033,11386254,637073,2016189,1326631
2021-09-16,12389040,13058607,12723824,11062724,11732291,11397508,656749,1995883,1326316
2021-09-17,12409973,13059550,12734762,11083972,11733549,11408760,676424,1975578,1326001
2021-09-18,12430907,13060493,12745700,11105221,11734807,11420014,696100,1955272,1325686
2021-09-19,12451840,13061436,12756638,11126469,11736065,11431267,715775,1934967,1325371
2021-09-20,12471665,13063386,12767526,11146613,11738334,11442474,733331,1916773,1325052
2021-09-21,12491489,13065336,12778412,11166756,11740603,11453680,750886,1898580,1324733
2021-09-22,12509216,13067286,12788251,11186900,11744970,11465935,764246,1880386,1322316
2021-09-23,12511166,13069236,12790201,11207044,11765114,11486079,746052,1862192,1304122
2021-09-24,12513116,13071186,12792151,11227188,11785258,11506223,727858,1843998,1285928
2021-09-25,12515066,13073136,12794101,11247331,11805401,11526366,709665,1825805,1267735
2021-09-26,12517016,13075086,12796051,11267475,11825545,11546510,691471,1807611,1249541
2021-09-27,12518930,13077000,12797965,11285175,11843245,11564210,675685,1791825,1233755
2021-09-28,12520844,13078914,12799879,11302876,11860946,11581911,659898,1776038,1217968
2021-09-29,12522758,13080828,12801793,11320576,11878646,11599611,644112,1760252,1202182
2021-09-30,12524672,13082742,12803707,11338277,11896347,11617312,628325,1744465,1186395
2021-10-01,12526586,13084656,12805621,11355977,11914047,11635012,612539,1728679,1170609
2021-10-02,12528500,13086570,12807535,11373678,11931748,11652713,596752,1712892,1154822
2021-10-03,12530414,13088484,12809449,11391378,11949448,11670413,580966,1697106,1139036
2021-10-04,12531046,13089116,12810081,11405913,11963983,11684948,567063,1683203,1125133
2021-10-05,12531678,13089748,12810713,11420449,11978519,11699484,553159,1669299,1111229
2021-10-06,12532310,13090380,12811345,11434984,11993054,11714019,539256,1655396,1097326
2021-10-07,12532942,13091012,12811977,11449520,12007590,11728555,525352,1641492,1083422
2021-10-08,12533574,13091644,12812609,11464055,12022125,11743090,511449,1627589,1069519
2021-10-09,12534206,13092411,12813308,11478456,12036661,11757558,497545,1613955,1055750
2021-10-10,12534838,13093201,12814020,11492833,12051196,11772014,483642,1600368,1042005
2021-10-11,12535403,13093925,12814664,11505472,12063994,11784733,471409,1588453,1029931
2021-10-12,12535968,13094649,12815308,11518111,12076792,11797452,459176,1576538,1017857
2021-10-13,12536533,13095373,12815953,11530750,12089590,11810170,446943,1564623,1005783
2021-10-14,12537098,13096097,12816598,11543389,12102388,11822888,434710,1552708,993709
2021-10-15,12537663,13096821,12817242,11556028,12115186,11835607,422477,1540793,981635
2021-10-16,12538228,13097545,12817886,11568667,12127984,11848326,410244,1528878,969561
2021-10-17,12538793,13098269,12818531,11581306,12140782,11861044,398011,1516963,957487
2021-10-18,12539275,13098894,12819084,11593386,12153005,11873196,386270,1505508,945889
2021-10-19,12539900,13099519,12819710,11605466,12165085,11885276,374815,1494053,934434
2021-10-20,12540525,13100144,12820334,11617546,12177165,11897356,363360,1482598,922979
2021-10-21,12541150,13100769,12820960,11629627,12189246,11909436,351904,1471142,911523
2021-10-22,12541775,13101394,12821584,11641707,12201326,11921516,340449,1459687,900068
2021-10-23,12542400,13102019,12822210,11653787,12213406,11933596,328994,1448232,888613
2021-10-24,12543025,13102644,12822834,11665867,12225486,11945676,317539,1436777,877158
2021-10-25,12543816,13103435,12823626,11679006,12238625,11958816,305191,1424429,864810
2021-10-26,12552211,13104226,12828218,11692145,12244160,11968152,308051,1412081,860066
2021-10-27,12565487,13105017,12835252,11705284,12244814,11975049,320673,1399733,860203
2021-10-28,12578764,13105808,12842286,11718424,12245468,11981946,333296,1387384,860340
2021-10-29,12592040,13106599,12849320,11731563,12246122,11988842,345918,1375036,860477
2021-10-30,12605316,13107390,12856353,11744702,12246776,11995739,358540,1362688,860614
2021-10-31,12618592,13108181,12863386,11757841,12247430,12002636,371162,1350340,860751
2021-11-01,12634510,13108368,12871439,11773572,12247430,12010501,387080,1334796,860938
2021-11-02,12650428,13108555,12879492,11789303,12247430,12018366,402998,1319252,861125
2021-11-03,12666346,13108742,12887544,11805034,12247430,12026232,418916,1303708,861312
2021-11-04,12682264,13108929,12895596,11820765,12247430,12034098,434834,1288164,861499
2021-11-05,12698182,13109116,12903649,11836496,12247430,12041963,450752,1272620,861686
2021-11-06,12714100,13109303,12911702,11852227,12247430,12049828,466670,1257076,861873
2021-11-07,12730018,13109490,12919754,11867958,12247430,12057694,482588,1241532,862060
2021-11-08,12745794,13109675,12927734,11883549,12247430,12065490,498364,1226126,862245
2021-11-09,12761568,13109860,12935714,11899138,12247430,12073284,514138,1210722,862430
2021-11-10,12777344,13125636,12951490,11899138,12247430,12073284,529914,1226498,878206
2021-11-11,12793120,13141412,12967266,11899138,12247430,12073284,545690,1242274,893982
2021-11-12,12808896,13157188,12983042,11899138,12247430,12073284,561466,1258050,909758
2021-11-13,12824670,13172962,12998816,11899138,12247430,12073284,577240,1273824,925532
2021-11-14,12840446,13188738,13014592,11899138,12247430,12073284,593016,1289600,941308
2021-11-15,12853881,13202173,13028027,11899138,12247430,12073284,606451,1303035,954743
2021-11-16,12867318,13215610,13041464,11899138,12247430,12073284,619888,1316472,968180
2021-11-17,12873006,13229045,13051026,11899138,12255177,12077158,617829,1329907,973868
2021-11-18,12873815,13242482,13058148,11899138,12267805,12083472,606010,1343344,974677
2021-11-19,12874621,13255917,13065269,11899138,12280434,12089786,594187,1356779,975483
2021-11-20,12875430,13269354,13072392,11899138,12293062,12096100,582368,1370216,976292
2021-11-21,12876237,13282654,13079446,11899273,12305690,12102482,570547,1383381,976964
2021-11-22,12876322,13295218,13085770,11899422,12318318,12108870,558004,1395796,976900
2021-11-23,12876334,13307783,13092058,11899571,12331020,12115296,545314,1408212,976763
2021-11-24,12876346,13320347,13098346,11899720,12343721,12121720,532625,1420627,976626
2021-11-25,12876358,13332911,13104634,11899869,12356422,12128146,519936,1433042,976489
2021-11-26,12876370,13345475,13110922,11900018,12369123,12134570,507247,1445457,976352
2021-11-27,12876382,13358040,13117211,11900167,12381825,12140996,494557,1457873,976215
2021-11-28,12876394,13370604,13123499,11900316,12394526,12147421,481868,1470288,976078
2021-11-29,12876394,13382069,13129232,11900452,12406127,12153290,470267,1481617,975942
2021-11-30,12876394,13393533,13134964,11900588,12417727,12159158,458667,1492945,975806
2021-12-01,12876394,13404998,13140696,11900724,12429328,12165026,447066,1504274,975670
2021-12-02,12876394,13416463,13146428,11900860,12440929,12170894,435465,1515603,975534
2021-12-03,12876394,13427928,13152161,11900996,12452530,12176763,423864,1526932,975398
2021-12-04,12876394,13439392,13157893,11901132,12464130,12182631,412264,1538260,975262
2021-12-05,12876394,13450857,13163626,11901268,12475731,12188500,400663,1549589,975126
2021-12-06,12876394,13461102,13168748,11901389,12486097,12193743,390297,1559713,975005
2021-12-07,12876394,13471347,13173870,11901510,12496463,12198986,379931,1569837,974884
2021-12-08,12876394,13481592,13178993,11901631,12506829,12204230,369565,1579961,974763
2021-12-09,12876394,13491836,13184115,11901752,12517194,12209473,359200,1590084,974642
2021-12-10,12876394,13502081,13189238,11901873,12527560,12214716,348834,1600208,974521
2021-12-11,12876394,13512326,13194360,11901994,12537926,12219960,338468,1610332,974400
2021-12-12,12876394,13522571,13199482,11902115,12548292,12225204,328102,1620456,974279
2021-12-13,12876394,13530987,13203690,11902215,12556808,12229512,319586,1628772,974179
2021-12-14,12876394,13539402,13207898,11902315,12565323,12233819,311071,1637087,974079
2021-12-15,12876394,13547818,13212106,11902415,12573839,12238127,302555,1645403,973979
2021-12-16,12882682,13556235,13219458,11902515,12576068,12239292,306614,1653720,980167
2021-12-17,12891098,13564651,13227874,11902615,12576168,12239392,314930,1662036,988483
2021-12-18,12899513,13573066,13236290,11902715,12576268,12239492,323245,1670351,996798
2021-12-19,12907929,13581482,13244706,11902815,12576368,12239592,331561,1678667,1005114
2021-12-20,12912830,13586383,13249606,11902873,12576426,12239650,336404,1683510,1009957
2021-12-21,12917731,13591284,13254508,11902931,12576484,12239708,341247,1688353,1014800
2021-12-22,12922632,13596185,13259408,11902989,12576542,12239766,346090,1693196,1019643
2021-12-23,12927533,13596185,13261859,11907948,12576600,12242274,350933,1688237,1019585
2021-12-24,12932434,13596185,13264310,11912907,12576658,12244782,355776,1683278,1019527
2021-12-25,12937335,13596185,13266760,11917866,12576716,12247291,360619,1678319,1019469
2021-12-26,12942236,13596185,13269210,11922825,12576774,12249800,365462,1673360,1019411
2021-12-27,12946770,13596185,13271478,11927412,12576827,12252120,369943,1668773,1019358
2021-12-28,12951303,13596185,13273744,11931998,12576880,12254439,374423,1664187,1019305
2021-12-29,12955837,13596185,13276011,11936585,12576933,12256759,378904,1659600,1019252
2021-12-30,12960370,13596185,13278278,11941171,12576986,12259078,383384,1655014,1019199
2021-12-31,12964904,13596185,13280544,11945758,12577039,12261398,387865,1650427,1019146
2022-01-01,12969450,13596185,13282818,11950344,12577079,12263712,392371,1645841,1019106
2022-01-02,12974037,13596185,13285111,11954931,12577079,12266005,396958,1641254,1019106
2022-01-03,12976414,13596185,13286300,11957308,12577079,12267194,399335,1638877,1019106
2022-01-04,12978791,13596185,13287488,11959685,12577079,12268382,401712,1636500,1019106
2022-01-05,12981168,13596185,13288676,11962062,12577079,12269570,404089,1634123,1019106
2022-01-06,12983545,13596185,13289865,11964439,12577079,12270759,406466,1631746,1019106
2022-01-07,12983572,13596185,13289878,11966816,12579429,12273122,404143,1629369,1016756
2022-01-08,12983599,13596185,13289892,11969193,12581779,12275486,401820,1626992,1014406
2022-01-09,12983626,13596185,13289906,11971570,12584129,12277850,399497,1624615,1012056
